  0.000000   0.000000   0.000000   0.000000   0.000000   0.000000   0.000000   0.000000   0.000000   0.000000   0.000000   0.000000   0.000000   0.000000   0.000000   0.000000   0.100000   0.100000   0.100000   0.100000   0.100000   0.100000   0.100000   0.100000   0.100000   0.000000   0.000000   0.000000   0.000000   0.000000   0.000000   0.000000   0.000000   0.000000   0.000000   0.000000   0.000000   0.000000   0.000000   0.000000   0.000000 
  0.000000   0.000000   0.000000   0.000000   0.000000   0.000000   0.000000   0.000000   0.000000   0.000000   0.000000   0.000000   0.000000   0.000001   0.000426   0.018498   0.081576   0.099649   0.100074   0.100074   0.100074   0.100074   0.100074   0.099649   0.081576   0.018498   0.000426   0.000001   0.000000   0.000000   0.000000   0.000000   0.000000   0.000000   0.000000   0.000000   0.000000   0.000000   0.000000   0.000000   0.000000 
  0.000000   0.000000   0.000000   0.000000   0.000000   0.000000   0.000000   0.000000   0.000000   0.000000   0.000000   0.000000   0.000002   0.000157   0.003959   0.026912   0.073237   0.096190   0.099992   0.100147   0.100149   0.100147   0.099992   0.096190   0.073237   0.026912   0.003959   0.000157   0.000002   0.000000   0.000000   0.000000   0.000000   0.000000   0.000000   0.000000   0.000000   0.000000   0.000000   0.000000   0.000000 
  0.000000   0.000000   0.000000   0.000000   0.000000   0.000000   0.000000   0.000000   0.000000   0.000000   0.000000   0.000001   0.000047   0.000930   0.007702   0.031337   0.068886   0.092522   0.099294   0.100177   0.100221   0.100177   0.099294   0.092522   0.068886   0.031337   0.007702   0.000930   0.000047   0.000001   0.000000   0.000000   0.000000   0.000000   0.000000   0.000000   0.000000   0.000000   0.000000   0.000000   0.000000 
  0.000000   0.000000   0.000000   0.000000   0.000000   0.000000   0.000000   0.000000   0.000000   0.000000   0.000000   0.000013   0.000231   0.002121   0.010983   0.034006   0.066292   0.089315   0.098178   0.100067   0.100272   0.100067   0.098178   0.089315   0.066292   0.034006   0.010983   0.002121   0.000231   0.000013   0.000000   0.000000   0.000000   0.000000   0.000000   0.000000   0.000000   0.000000   0.000000   0.000000   0.000000 
  0.000000   0.000000   0.000000   0.000000   0.000000   0.000000   0.000000   0.000000   0.000000   0.000000   0.000004   0.000059   0.000578   0.003509   0.013740   0.035805   0.064568   0.086633   0.096863   0.099791   0.100255   0.099791   0.096863   0.086633   0.064568   0.035805   0.013740   0.003509   0.000578   0.000059   0.000004   0.000000   0.000000   0.000000   0.000000   0.000000   0.000000   0.000000   0.000000   0.000000   0.000000 
  0.000000   0.000000   0.000000   0.000000   0.000000   0.000000   0.000000   0.000000   0.000000   0.000001   0.000015   0.000157   0.001068   0.004954   0.016050   0.037121   0.063326   0.084398   0.095492   0.099364   0.100133   0.099364   0.095492   0.084398   0.063326   0.037121   0.016050   0.004954   0.001068   0.000157   0.000015   0.000001   0.000000   0.000000   0.000000   0.000000   0.000000   0.000000   0.000000   0.000000   0.000000 
  0.000000   0.000000   0.000000   0.000000   0.000000   0.000000   0.000000   0.000000   0.000000   0.000004   0.000043   0.000316   0.001666   0.006378   0.018002   0.038141   0.062381   0.082520   0.094141   0.098813   0.099890   0.098813   0.094141   0.082520   0.062381   0.038141   0.018002   0.006378   0.001666   0.000316   0.000043   0.000004   0.000000   0.000000   0.000000   0.000000   0.000000   0.000000   0.000000   0.000000   0.000000 
  0.000000   0.000000   0.000000   0.000000   0.000000   0.000000   0.000000   0.000000   0.000001   0.000012   0.000092   0.000536   0.002338   0.007741   0.019674   0.038964   0.061633   0.080922   0.092844   0.098167   0.099526   0.098167   0.092844   0.080922   0.061633   0.038964   0.019674   0.007741   0.002338   0.000536   0.000092   0.000012   0.000001   0.000000   0.000000   0.000000   0.000000   0.000000   0.000000   0.000000   0.000000 
  0.000000   0.000000   0.000000   0.000000   0.000000   0.000000   0.000000   0.000000   0.000003   0.000027   0.000167   0.000810   0.003055   0.009030   0.021123   0.039650   0.061022   0.079546   0.091616   0.097450   0.099052   0.097450   0.091616   0.079546   0.061022   0.039650   0.021123   0.009030   0.003055   0.000810   0.000167   0.000027   0.000003   0.000000   0.000000   0.000000   0.000000   0.000000   0.000000   0.000000   0.000000 
  0.000000   0.000000   0.000000   0.000000   0.000000   0.000000   0.000000   0.000001   0.000008   0.000051   0.000270   0.001132   0.003796   0.010238   0.022395   0.040233   0.060513   0.078345   0.090458   0.096681   0.098483   0.096681   0.090458   0.078345   0.060513   0.040233   0.022395   0.010238   0.003796   0.001132   0.000270   0.000051   0.000008   0.000001   0.000000   0.000000   0.000000   0.000000   0.000000   0.000000   0.000000 
  0.000000   0.000000   0.000000   0.000000   0.000000   0.000000   0.000000   0.000002   0.000015   0.000087   0.000400   0.001493   0.004546   0.011367   0.023521   0.040739   0.060081   0.077285   0.089368   0.095876   0.097837   0.095876   0.089368   0.077285   0.060081   0.040739   0.023521   0.011367   0.004546   0.001493   0.000400   0.000087   0.000015   0.000002   0.000000   0.000000   0.000000   0.000000   0.000000   0.000000   0.000000 
  0.000000   0.000000   0.000000   0.000000   0.000000   0.000000   0.000001   0.000005   0.000028   0.000136   0.000557   0.001884   0.005294   0.012423   0.024529   0.041184   0.059708   0.076341   0.088338   0.095046   0.097129   0.095046   0.088338   0.076341   0.059708   0.041184   0.024529   0.012423   0.005294   0.001884   0.000557   0.000136   0.000028   0.000005   0.000001   0.000000   0.000000   0.000000   0.000000   0.000000   0.000000 
  0.000000   0.000000   0.000000   0.000000   0.000000   0.000000   0.000001   0.000009   0.000045   0.000200   0.000740   0.002300   0.006032   0.013409   0.025437   0.041580   0.059383   0.075490   0.087363   0.094201   0.096373   0.094201   0.087363   0.075490   0.059383   0.041580   0.025437   0.013409   0.006032   0.002300   0.000740   0.000200   0.000045   0.000009   0.000001   0.000000   0.000000   0.000000   0.000000   0.000000   0.000000 
  0.000000   0.000000   0.000000   0.000000   0.000000   0.000000   0.000003   0.000015   0.000069   0.000278   0.000944   0.002732   0.006755   0.014332   0.026262   0.041935   0.059095   0.074716   0.086437   0.093348   0.095583   0.093348   0.086437   0.074716   0.059095   0.041935   0.026262   0.014332   0.006755   0.002732   0.000944   0.000278   0.000069   0.000015   0.000003   0.000000   0.000000   0.000000   0.000000   0.000000   0.000000 
  0.000000   0.000000   0.000000   0.000000   0.000000   0.000001   0.000005   0.000023   0.000101   0.000370   0.001169   0.003177   0.007461   0.015198   0.027015   0.042257   0.058838   0.074007   0.085555   0.092493   0.094768   0.092493   0.085555   0.074007   0.058838   0.042257   0.027015   0.015198   0.007461   0.003177   0.001169   0.000370   0.000101   0.000023   0.000005   0.000001   0.000000   0.000000   0.000000   0.000000   0.000000 
  0.000000   0.000000   0.000000   0.000000   0.000000   0.000001   0.000008   0.000035   0.000140   0.000476   0.001411   0.003630   0.008147   0.016011   0.027706   0.042550   0.058605   0.073351   0.084711   0.091640   0.093938   0.091640   0.084711   0.073351   0.058605   0.042550   0.027706   0.016011   0.008147   0.003630   0.001411   0.000476   0.000140   0.000035   0.000008   0.000001   0.000000   0.000000   0.000000   0.000000   0.000000 
  0.000000   0.000000   0.000000   0.000000   0.000000   0.000003   0.000012   0.000051   0.000187   0.000596   0.001667   0.004087   0.008813   0.016776   0.028344   0.042819   0.058391   0.072740   0.083901   0.090793   0.093099   0.090793   0.083901   0.072740   0.058391   0.042819   0.028344   0.016776   0.008813   0.004087   0.001667   0.000596   0.000187   0.000051   0.000012   0.000003   0.000000   0.000000   0.000000   0.000000   0.000000 
  0.000000   0.000000   0.000000   0.000000   0.000001   0.000004   0.000018   0.000071   0.000242   0.000729   0.001937   0.004546   0.009457   0.017497   0.028935   0.043066   0.058194   0.072168   0.083123   0.089955   0.092256   0.089955   0.083123   0.072168   0.058194   0.043066   0.028935   0.017497   0.009457   0.004546   0.001937   0.000729   0.000242   0.000071   0.000018   0.000004   0.000001   0.000000   0.000000   0.000000   0.000000 
  0.000000   0.000000   0.000000   0.000000   0.000001   0.000006   0.000026   0.000095   0.000305   0.000873   0.002216   0.005005   0.010081   0.018178   0.029485   0.043293   0.058010   0.071628   0.082372   0.089127   0.091415   0.089127   0.082372   0.071628   0.058010   0.043293   0.029485   0.018178   0.010081   0.005005   0.002216   0.000873   0.000305   0.000095   0.000026   0.000006   0.000001   0.000000   0.000000   0.000000   0.000000 
  0.000000   0.000000   0.000000   0.000000   0.000002   0.000009   0.000036   0.000123   0.000377   0.001028   0.002504   0.005460   0.010683   0.018823   0.029998   0.043504   0.057837   0.071116   0.081647   0.088312   0.090579   0.088312   0.081647   0.071116   0.057837   0.043504   0.029998   0.018823   0.010683   0.005460   0.002504   0.001028   0.000377   0.000123   0.000036   0.000009   0.000002   0.000000   0.000000   0.000000   0.000000 
  0.000000   0.000000   0.000000   0.000001   0.000003   0.000013   0.000048   0.000157   0.000457   0.001193   0.002800   0.005912   0.011266   0.019434   0.030478   0.043698   0.057672   0.070628   0.080946   0.087509   0.089751   0.087509   0.080946   0.070628   0.057672   0.043698   0.030478   0.019434   0.011266   0.005912   0.002800   0.001193   0.000457   0.000157   0.000048   0.000013   0.000003   0.000001   0.000000   0.000000   0.000000 
  0.000000   0.000000   0.000000   0.000001   0.000005   0.000018   0.000063   0.000195   0.000544   0.001367   0.003100   0.006359   0.011829   0.020014   0.030928   0.043878   0.057514   0.070161   0.080266   0.086721   0.088932   0.086721   0.080266   0.070161   0.057514   0.043878   0.030928   0.020014   0.011829   0.006359   0.003100   0.001367   0.000544   0.000195   0.000063   0.000018   0.000005   0.000001   0.000000   0.000000   0.000000 
  0.000000   0.000000   0.000000   0.000002   0.000007   0.000025   0.000081   0.000239   0.000639   0.001549   0.003405   0.006800   0.012373   0.020565   0.031351   0.044045   0.057362   0.069712   0.079606   0.085948   0.088125   0.085948   0.079606   0.069712   0.057362   0.044045   0.031351   0.020565   0.012373   0.006800   0.003405   0.001549   0.000639   0.000239   0.000081   0.000025   0.000007   0.000002   0.000000   0.000000   0.000000 
  0.000000   0.000000   0.000001   0.000002   0.000009   0.000032   0.000101   0.000288   0.000741   0.001738   0.003712   0.007235   0.012898   0.021091   0.031749   0.044200   0.057214   0.069280   0.078965   0.085190   0.087331   0.085190   0.078965   0.069280   0.057214   0.044200   0.031749   0.021091   0.012898   0.007235   0.003712   0.001738   0.000741   0.000288   0.000101   0.000032   0.000009   0.000002   0.000001   0.000000   0.000000 
  0.000000   0.000000   0.000001   0.000004   0.000013   0.000042   0.000125   0.000341   0.000850   0.001933   0.004021   0.007663   0.013406   0.021592   0.032125   0.044343   0.057069   0.068862   0.078341   0.084448   0.086551   0.084448   0.078341   0.068862   0.057069   0.044343   0.032125   0.021592   0.013406   0.007663   0.004021   0.001933   0.000850   0.000341   0.000125   0.000042   0.000013   0.000004   0.000001   0.000000   0.000000 
  0.000000   0.000000   0.000001   0.000005   0.000017   0.000053   0.000152   0.000400   0.000965   0.002134   0.004331   0.008083   0.013897   0.022070   0.032480   0.044475   0.056927   0.068457   0.077734   0.083720   0.085785   0.083720   0.077734   0.068457   0.056927   0.044475   0.032480   0.022070   0.013897   0.008083   0.004331   0.002134   0.000965   0.000400   0.000152   0.000053   0.000017   0.000005   0.000001   0.000000   0.000000 
  0.000000   0.000000   0.000002   0.000007   0.000022   0.000065   0.000182   0.000463   0.001086   0.002339   0.004642   0.008496   0.014372   0.022526   0.032816   0.044598   0.056788   0.068064   0.077143   0.083009   0.085034   0.083009   0.077143   0.068064   0.056788   0.044598   0.032816   0.022526   0.014372   0.008496   0.004642   0.002339   0.001086   0.000463   0.000182   0.000065   0.000022   0.000007   0.000002   0.000000   0.000000 
  0.000000   0.000001   0.000003   0.000009   0.000027   0.000080   0.000215   0.000532   0.001212   0.002549   0.004952   0.008902   0.014832   0.022963   0.033133   0.044711   0.056649   0.067681   0.076566   0.082313   0.084298   0.082313   0.076566   0.067681   0.056649   0.044711   0.033133   0.022963   0.014832   0.008902   0.004952   0.002549   0.001212   0.000532   0.000215   0.000080   0.000027   0.000009   0.000003   0.000001   0.000000 
  0.000000   0.000001   0.000003   0.000011   0.000034   0.000097   0.000251   0.000604   0.001343   0.002762   0.005262   0.009299   0.015277   0.023382   0.033435   0.044814   0.056512   0.067308   0.076004   0.081632   0.083577   0.081632   0.076004   0.067308   0.056512   0.044814   0.033435   0.023382   0.015277   0.009299   0.005262   0.002762   0.001343   0.000604   0.000251   0.000097   0.000034   0.000011   0.000003   0.000001   0.000000 
  0.000000   0.000001   0.000004   0.000014   0.000042   0.000115   0.000291   0.000682   0.001479   0.002978   0.005569   0.009689   0.015707   0.023782   0.033720   0.044910   0.056376   0.066944   0.075455   0.080966   0.082872   0.080966   0.075455   0.066944   0.056376   0.044910   0.033720   0.023782   0.015707   0.009689   0.005569   0.002978   0.001479   0.000682   0.000291   0.000115   0.000042   0.000014   0.000004   0.000001   0.000000 
  0.000000   0.000002   0.000006   0.000018   0.000051   0.000136   0.000334   0.000763   0.001619   0.003197   0.005876   0.010071   0.016124   0.024167   0.033991   0.044997   0.056240   0.066588   0.074919   0.080315   0.082181   0.080315   0.074919   0.066588   0.056240   0.044997   0.033991   0.024167   0.016124   0.010071   0.005876   0.003197   0.001619   0.000763   0.000334   0.000136   0.000051   0.000018   0.000006   0.000002   0.000000 
  0.000001   0.000002   0.000007   0.000022   0.000062   0.000159   0.000380   0.000849   0.001764   0.003417   0.006179   0.010445   0.016528   0.024536   0.034249   0.045077   0.056105   0.066240   0.074396   0.079678   0.081506   0.079678   0.074396   0.066240   0.056105   0.045077   0.034249   0.024536   0.016528   0.010445   0.006179   0.003417   0.001764   0.000849   0.000380   0.000159   0.000062   0.000022   0.000007   0.000002   0.000001 
  0.000001   0.000003   0.000009   0.000027   0.000073   0.000184   0.000430   0.000938   0.001911   0.003639   0.006481   0.010811   0.016920   0.024890   0.034493   0.045149   0.055970   0.065898   0.073884   0.079056   0.080845   0.079056   0.073884   0.065898   0.055970   0.045149   0.034493   0.024890   0.016920   0.010811   0.006481   0.003639   0.001911   0.000938   0.000430   0.000184   0.000073   0.000027   0.000009   0.000003   0.000001 
  0.000001   0.000004   0.000012   0.000033   0.000086   0.000211   0.000482   0.001031   0.002062   0.003862   0.006780   0.011170   0.017299   0.025230   0.034726   0.045215   0.055835   0.065564   0.073384   0.078448   0.080199   0.078448   0.073384   0.065564   0.055835   0.045215   0.034726   0.025230   0.017299   0.011170   0.006780   0.003862   0.002062   0.001031   0.000482   0.000211   0.000086   0.000033   0.000012   0.000004   0.000001 
  0.000001   0.000005   0.000014   0.000039   0.000100   0.000240   0.000538   0.001128   0.002216   0.004086   0.007076   0.011522   0.017667   0.025557   0.034947   0.045274   0.055700   0.065236   0.072895   0.077852   0.079568   0.077852   0.072895   0.065236   0.055700   0.045274   0.034947   0.025557   0.017667   0.011522   0.007076   0.004086   0.002216   0.001128   0.000538   0.000240   0.000100   0.000039   0.000014   0.000005   0.000001 
  0.000002   0.000006   0.000018   0.000047   0.000116   0.000272   0.000596   0.001227   0.002373   0.004311   0.007369   0.011866   0.018024   0.025871   0.035157   0.045327   0.055566   0.064914   0.072416   0.077271   0.078950   0.077271   0.072416   0.064914   0.055566   0.045327   0.035157   0.025871   0.018024   0.011866   0.007369   0.004311   0.002373   0.001227   0.000596   0.000272   0.000116   0.000047   0.000018   0.000006   0.000002 
  0.000002   0.000008   0.000021   0.000055   0.000134   0.000306   0.000658   0.001330   0.002531   0.004535   0.007658   0.012202   0.018370   0.026174   0.035357   0.045373   0.055431   0.064598   0.071947   0.076702   0.078346   0.076702   0.071947   0.064598   0.055431   0.045373   0.035357   0.026174   0.018370   0.012202   0.007658   0.004535   0.002531   0.001330   0.000658   0.000306   0.000134   0.000055   0.000021   0.000008   0.000002 
  0.000003   0.000009   0.000025   0.000064   0.000152   0.000342   0.000722   0.001436   0.002692   0.004760   0.007945   0.012532   0.018706   0.026465   0.035547   0.045415   0.055296   0.064287   0.071489   0.076145   0.077755   0.076145   0.071489   0.064287   0.055296   0.045415   0.035547   0.026465   0.018706   0.012532   0.007945   0.004760   0.002692   0.001436   0.000722   0.000342   0.000152   0.000064   0.000025   0.000009   0.000003 
  0.000004   0.000011   0.000030   0.000074   0.000173   0.000380   0.000789   0.001545   0.002855   0.004984   0.008228   0.012854   0.019032   0.026745   0.035728   0.045451   0.055161   0.063982   0.071040   0.075601   0.077178   0.075601   0.071040   0.063982   0.055161   0.045451   0.035728   0.026745   0.019032   0.012854   0.008228   0.004984   0.002855   0.001545   0.000789   0.000380   0.000173   0.000074   0.000030   0.000011   0.000004 
  0.000004   0.000013   0.000035   0.000085   0.000194   0.000420   0.000858   0.001656   0.003019   0.005208   0.008507   0.013170   0.019349   0.027015   0.035900   0.045482   0.055026   0.063681   0.070600   0.075068   0.076613   0.075068   0.070600   0.063681   0.055026   0.045482   0.035900   0.027015   0.019349   0.013170   0.008507   0.005208   0.003019   0.001656   0.000858   0.000420   0.000194   0.000085   0.000035   0.000013   0.000004 
  0.000005   0.000016   0.000041   0.000097   0.000218   0.000463   0.000930   0.001769   0.003185   0.005431   0.008783   0.013479   0.019657   0.027275   0.036064   0.045508   0.054891   0.063386   0.070169   0.074547   0.076060   0.074547   0.070169   0.063386   0.054891   0.045508   0.036064   0.027275   0.019657   0.013479   0.008783   0.005431   0.003185   0.001769   0.000930   0.000463   0.000218   0.000097   0.000041   0.000016   0.000005 
  0.000006   0.000019   0.000047   0.000110   0.000243   0.000507   0.001005   0.001885   0.003352   0.005654   0.009055   0.013781   0.019955   0.027526   0.036219   0.045529   0.054756   0.063095   0.069746   0.074037   0.075520   0.074037   0.069746   0.063095   0.054756   0.045529   0.036219   0.027526   0.019955   0.013781   0.009055   0.005654   0.003352   0.001885   0.001005   0.000507   0.000243   0.000110   0.000047   0.000019   0.000006 
  0.000008   0.000022   0.000054   0.000124   0.000269   0.000554   0.001081   0.002002   0.003519   0.005875   0.009323   0.014077   0.020245   0.027767   0.036367   0.045546   0.054621   0.062809   0.069332   0.073538   0.074991   0.073538   0.069332   0.062809   0.054621   0.045546   0.036367   0.027767   0.020245   0.014077   0.009323   0.005875   0.003519   0.002002   0.001081   0.000554   0.000269   0.000124   0.000054   0.000022   0.000008 
  0.000009   0.000025   0.000061   0.000139   0.000297   0.000602   0.001160   0.002122   0.003688   0.006095   0.009588   0.014367   0.020527   0.028000   0.036508   0.045559   0.054486   0.062527   0.068926   0.073050   0.074473   0.073050   0.068926   0.062527   0.054486   0.045559   0.036508   0.028000   0.020527   0.014367   0.009588   0.006095   0.003688   0.002122   0.001160   0.000602   0.000297   0.000139   0.000061   0.000025   0.000009 
  0.000011   0.000029   0.000070   0.000155   0.000327   0.000653   0.001241   0.002243   0.003857   0.006314   0.009849   0.014650   0.020801   0.028225   0.036642   0.045568   0.054352   0.062249   0.068528   0.072571   0.073967   0.072571   0.068528   0.062249   0.054352   0.045568   0.036642   0.028225   0.020801   0.014650   0.009849   0.006314   0.003857   0.002243   0.001241   0.000653   0.000327   0.000155   0.000070   0.000029   0.000011 
  0.000012   0.000034   0.000079   0.000172   0.000358   0.000705   0.001324   0.002366   0.004027   0.006532   0.010106   0.014927   0.021068   0.028442   0.036769   0.045574   0.054217   0.061976   0.068138   0.072103   0.073471   0.072103   0.068138   0.061976   0.054217   0.045574   0.036769   0.028442   0.021068   0.014927   0.010106   0.006532   0.004027   0.002366   0.001324   0.000705   0.000358   0.000172   0.000079   0.000034   0.000012 
  0.000014   0.000038   0.000089   0.000191   0.000390   0.000760   0.001409   0.002490   0.004197   0.006748   0.010360   0.015199   0.021326   0.028651   0.036890   0.045575   0.054083   0.061707   0.067755   0.071644   0.072986   0.071644   0.067755   0.061707   0.054083   0.045575   0.036890   0.028651   0.021326   0.015199   0.010360   0.006748   0.004197   0.002490   0.001409   0.000760   0.000390   0.000191   0.000089   0.000038   0.000014 
  0.000016   0.000044   0.000099   0.000210   0.000424   0.000816   0.001496   0.002616   0.004367   0.006963   0.010610   0.015464   0.021578   0.028852   0.037005   0.045574   0.053948   0.061442   0.067379   0.071195   0.072510   0.071195   0.067379   0.061442   0.053948   0.045574   0.037005   0.028852   0.021578   0.015464   0.010610   0.006963   0.004367   0.002616   0.001496   0.000816   0.000424   0.000210   0.000099   0.000044   0.000016 
  0.000019   0.000049   0.000110   0.000231   0.000460   0.000874   0.001584   0.002743   0.004537   0.007176   0.010856   0.015724   0.021823   0.029047   0.037114   0.045569   0.053814   0.061180   0.067010   0.070754   0.072045   0.070754   0.067010   0.061180   0.053814   0.045569   0.037114   0.029047   0.021823   0.015724   0.010856   0.007176   0.004537   0.002743   0.001584   0.000874   0.000460   0.000231   0.000110   0.000049   0.000019 
  0.000021   0.000055   0.000122   0.000253   0.000497   0.000933   0.001674   0.002871   0.004708   0.007387   0.011099   0.015979   0.022061   0.029234   0.037218   0.045561   0.053680   0.060922   0.066648   0.070323   0.071589   0.070323   0.066648   0.060922   0.053680   0.045561   0.037218   0.029234   0.022061   0.015979   0.011099   0.007387   0.004708   0.002871   0.001674   0.000933   0.000497   0.000253   0.000122   0.000055   0.000021 
  0.000024   0.000062   0.000135   0.000275   0.000535   0.000994   0.001766   0.003000   0.004878   0.007596   0.011338   0.016228   0.022293   0.029416   0.037316   0.045550   0.053547   0.060668   0.066293   0.069900   0.071143   0.069900   0.066293   0.060668   0.053547   0.045550   0.037316   0.029416   0.022293   0.016228   0.011338   0.007596   0.004878   0.003000   0.001766   0.000994   0.000535   0.000275   0.000135   0.000062   0.000024 
  0.000027   0.000069   0.000148   0.000299   0.000575   0.001057   0.001859   0.003129   0.005048   0.007804   0.011573   0.016472   0.022518   0.029591   0.037409   0.045537   0.053414   0.060418   0.065944   0.069485   0.070705   0.069485   0.065944   0.060418   0.053414   0.045537   0.037409   0.029591   0.022518   0.016472   0.011573   0.007804   0.005048   0.003129   0.001859   0.001057   0.000575   0.000299   0.000148   0.000069   0.000027 
  0.000030   0.000076   0.000163   0.000324   0.000617   0.001121   0.001953   0.003260   0.005217   0.008010   0.011805   0.016710   0.022737   0.029760   0.037498   0.045521   0.053281   0.060171   0.065601   0.069079   0.070276   0.069079   0.065601   0.060171   0.053281   0.045521   0.037498   0.029760   0.022737   0.016710   0.011805   0.008010   0.005217   0.003260   0.001953   0.001121   0.000617   0.000324   0.000163   0.000076   0.000030 
  0.000033   0.000084   0.000178   0.000351   0.000659   0.001187   0.002048   0.003391   0.005386   0.008214   0.012033   0.016944   0.022950   0.029923   0.037582   0.045503   0.053149   0.059927   0.065265   0.068680   0.069856   0.068680   0.065265   0.059927   0.053149   0.045503   0.037582   0.029923   0.022950   0.016944   0.012033   0.008214   0.005386   0.003391   0.002048   0.001187   0.000659   0.000351   0.000178   0.000084   0.000033 
  0.000037   0.000093   0.000194   0.000378   0.000703   0.001254   0.002145   0.003523   0.005555   0.008416   0.012257   0.017173   0.023158   0.030080   0.037661   0.045482   0.053017   0.059687   0.064934   0.068289   0.069444   0.068289   0.064934   0.059687   0.053017   0.045482   0.037661   0.030080   0.023158   0.017173   0.012257   0.008416   0.005555   0.003523   0.002145   0.001254   0.000703   0.000378   0.000194   0.000093   0.000037 
  0.000041   0.000102   0.000210   0.000406   0.000748   0.001322   0.002243   0.003655   0.005723   0.008616   0.012478   0.017396   0.023360   0.030232   0.037736   0.045459   0.052885   0.059450   0.064609   0.067906   0.069040   0.067906   0.064609   0.059450   0.052885   0.045459   0.037736   0.030232   0.023360   0.017396   0.012478   0.008616   0.005723   0.003655   0.002243   0.001322   0.000748   0.000406   0.000210   0.000102   0.000041 
  0.000045   0.000111   0.000228   0.000436   0.000795   0.001392   0.002342   0.003787   0.005890   0.008814   0.012696   0.017616   0.023556   0.030379   0.037807   0.045434   0.052754   0.059217   0.064289   0.067529   0.068643   0.067529   0.064289   0.059217   0.052754   0.045434   0.037807   0.030379   0.023556   0.017616   0.012696   0.008814   0.005890   0.003787   0.002342   0.001392   0.000795   0.000436   0.000228   0.000111   0.000045 
  0.000050   0.000122   0.000246   0.000466   0.000843   0.001463   0.002442   0.003920   0.006057   0.009010   0.012910   0.017830   0.023748   0.030521   0.037874   0.045407   0.052624   0.058986   0.063975   0.067160   0.068255   0.067160   0.063975   0.058986   0.052624   0.045407   0.037874   0.030521   0.023748   0.017830   0.012910   0.009010   0.006057   0.003920   0.002442   0.001463   0.000843   0.000466   0.000246   0.000122   0.000050 
  0.000054   0.000132   0.000265   0.000497   0.000892   0.001535   0.002542   0.004053   0.006223   0.009203   0.013121   0.018040   0.023934   0.030658   0.037937   0.045378   0.052494   0.058759   0.063667   0.066797   0.067873   0.066797   0.063667   0.058759   0.052494   0.045378   0.037937   0.030658   0.023934   0.018040   0.013121   0.009203   0.006223   0.004053   0.002542   0.001535   0.000892   0.000497   0.000265   0.000132   0.000054 
  0.000059   0.000143   0.000285   0.000530   0.000942   0.001608   0.002644   0.004186   0.006388   0.009395   0.013329   0.018246   0.024115   0.030790   0.037997   0.045348   0.052365   0.058535   0.063363   0.066441   0.067499   0.066441   0.063363   0.058535   0.052365   0.045348   0.037997   0.030790   0.024115   0.018246   0.013329   0.009395   0.006388   0.004186   0.002644   0.001608   0.000942   0.000530   0.000285   0.000143   0.000059 
  0.000064   0.000155   0.000306   0.000564   0.000993   0.001683   0.002746   0.004320   0.006552   0.009585   0.013533   0.018447   0.024292   0.030918   0.038053   0.045315   0.052236   0.058313   0.063065   0.066092   0.067132   0.066092   0.063065   0.058313   0.052236   0.045315   0.038053   0.030918   0.024292   0.018447   0.013533   0.009585   0.006552   0.004320   0.002746   0.001683   0.000993   0.000564   0.000306   0.000155   0.000064 
  0.000070   0.000167   0.000327   0.000598   0.001045   0.001758   0.002849   0.004453   0.006715   0.009773   0.013734   0.018645   0.024464   0.031041   0.038106   0.045282   0.052108   0.058095   0.062771   0.065749   0.066771   0.065749   0.062771   0.058095   0.052108   0.045282   0.038106   0.031041   0.024464   0.018645   0.013734   0.009773   0.006715   0.004453   0.002849   0.001758   0.001045   0.000598   0.000327   0.000167   0.000070 
  0.000076   0.000180   0.000349   0.000633   0.001099   0.001834   0.002953   0.004587   0.006877   0.009958   0.013931   0.018838   0.024632   0.031160   0.038156   0.045246   0.051981   0.057879   0.062483   0.065412   0.066417   0.065412   0.062483   0.057879   0.051981   0.045246   0.038156   0.031160   0.024632   0.018838   0.013931   0.009958   0.006877   0.004587   0.002953   0.001834   0.001099   0.000633   0.000349   0.000180   0.000076 
  0.000082   0.000193   0.000372   0.000670   0.001153   0.001911   0.003057   0.004720   0.007039   0.010142   0.014126   0.019027   0.024795   0.031276   0.038203   0.045210   0.051854   0.057667   0.062199   0.065081   0.066070   0.065081   0.062199   0.057667   0.051854   0.045210   0.038203   0.031276   0.024795   0.019027   0.014126   0.010142   0.007039   0.004720   0.003057   0.001911   0.001153   0.000670   0.000372   0.000193   0.000082 
  0.000088   0.000207   0.000396   0.000707   0.001208   0.001990   0.003162   0.004853   0.007199   0.010324   0.014318   0.019212   0.024954   0.031387   0.038247   0.045172   0.051728   0.057457   0.061919   0.064755   0.065728   0.064755   0.061919   0.057457   0.051728   0.045172   0.038247   0.031387   0.024954   0.019212   0.014318   0.010324   0.007199   0.004853   0.003162   0.001990   0.001208   0.000707   0.000396   0.000207   0.000088 
  0.000095   0.000221   0.000420   0.000745   0.001265   0.002068   0.003267   0.004986   0.007358   0.010503   0.014506   0.019394   0.025109   0.031494   0.038288   0.045132   0.051603   0.057249   0.061644   0.064436   0.065393   0.064436   0.061644   0.057249   0.051603   0.045132   0.038288   0.031494   0.025109   0.019394   0.014506   0.010503   0.007358   0.004986   0.003267   0.002068   0.001265   0.000745   0.000420   0.000221   0.000095 
  0.000101   0.000236   0.000446   0.000785   0.001322   0.002148   0.003372   0.005119   0.007516   0.010680   0.014691   0.019571   0.025260   0.031598   0.038326   0.045092   0.051479   0.057045   0.061373   0.064122   0.065064   0.064122   0.061373   0.057045   0.051479   0.045092   0.038326   0.031598   0.025260   0.019571   0.014691   0.010680   0.007516   0.005119   0.003372   0.002148   0.001322   0.000785   0.000446   0.000236   0.000101 
  0.000108   0.000251   0.000472   0.000824   0.001380   0.002228   0.003478   0.005251   0.007673   0.010856   0.014874   0.019745   0.025406   0.031698   0.038362   0.045050   0.051355   0.056843   0.061107   0.063813   0.064740   0.063813   0.061107   0.056843   0.051355   0.045050   0.038362   0.031698   0.025406   0.019745   0.014874   0.010856   0.007673   0.005251   0.003478   0.002228   0.001380   0.000824   0.000472   0.000251   0.000108 
  0.000116   0.000266   0.000498   0.000865   0.001439   0.002310   0.003584   0.005384   0.007829   0.011029   0.015053   0.019916   0.025550   0.031795   0.038395   0.045008   0.051232   0.056643   0.060845   0.063509   0.064422   0.063509   0.060845   0.056643   0.051232   0.045008   0.038395   0.031795   0.025550   0.019916   0.015053   0.011029   0.007829   0.005384   0.003584   0.002310   0.001439   0.000865   0.000498   0.000266   0.000116 
  0.000123   0.000283   0.000525   0.000907   0.001499   0.002391   0.003691   0.005515   0.007984   0.011200   0.015230   0.020083   0.025689   0.031888   0.038426   0.044964   0.051109   0.056446   0.060587   0.063211   0.064110   0.063211   0.060587   0.056446   0.051109   0.044964   0.038426   0.031888   0.025689   0.020083   0.015230   0.011200   0.007984   0.005515   0.003691   0.002391   0.001499   0.000907   0.000525   0.000283   0.000123 
  0.000131   0.000299   0.000553   0.000949   0.001560   0.002474   0.003797   0.005647   0.008138   0.011369   0.015404   0.020246   0.025825   0.031979   0.038454   0.044920   0.050988   0.056252   0.060332   0.062917   0.063802   0.062917   0.060332   0.056252   0.050988   0.044920   0.038454   0.031979   0.025825   0.020246   0.015404   0.011369   0.008138   0.005647   0.003797   0.002474   0.001560   0.000949   0.000553   0.000299   0.000131 
  0.000139   0.000317   0.000582   0.000992   0.001621   0.002557   0.003904   0.005778   0.008290   0.011536   0.015575   0.020407   0.025958   0.032066   0.038481   0.044875   0.050867   0.056060   0.060082   0.062628   0.063500   0.062628   0.060082   0.056060   0.050867   0.044875   0.038481   0.032066   0.025958   0.020407   0.015575   0.011536   0.008290   0.005778   0.003904   0.002557   0.001621   0.000992   0.000582   0.000317   0.000139 
  0.000147   0.000334   0.000611   0.001036   0.001683   0.002640   0.004011   0.005908   0.008441   0.011701   0.015743   0.020564   0.026087   0.032150   0.038505   0.044829   0.050747   0.055870   0.059835   0.062344   0.063203   0.062344   0.059835   0.055870   0.050747   0.044829   0.038505   0.032150   0.026087   0.020564   0.015743   0.011701   0.008441   0.005908   0.004011   0.002640   0.001683   0.001036   0.000611   0.000334   0.000147 
  0.000156   0.000352   0.000641   0.001081   0.001746   0.002724   0.004118   0.006038   0.008591   0.011864   0.015908   0.020718   0.026213   0.032231   0.038527   0.044782   0.050627   0.055683   0.059592   0.062065   0.062911   0.062065   0.059592   0.055683   0.050627   0.044782   0.038527   0.032231   0.026213   0.020718   0.015908   0.011864   0.008591   0.006038   0.004118   0.002724   0.001746   0.001081   0.000641   0.000352   0.000156 
  0.000165   0.000371   0.000671   0.001126   0.001809   0.002808   0.004225   0.006168   0.008740   0.012025   0.016071   0.020868   0.026335   0.032310   0.038548   0.044734   0.050509   0.055498   0.059353   0.061790   0.062624   0.061790   0.059353   0.055498   0.050509   0.044734   0.038548   0.032310   0.026335   0.020868   0.016071   0.012025   0.008740   0.006168   0.004225   0.002808   0.001809   0.001126   0.000671   0.000371   0.000165 
  0.000174   0.000390   0.000703   0.001172   0.001873   0.002893   0.004332   0.006297   0.008887   0.012185   0.016232   0.021016   0.026455   0.032386   0.038566   0.044686   0.050391   0.055315   0.059117   0.061519   0.062341   0.061519   0.059117   0.055315   0.050391   0.044686   0.038566   0.032386   0.026455   0.021016   0.016232   0.012185   0.008887   0.006297   0.004332   0.002893   0.001873   0.001172   0.000703   0.000390   0.000174 
  0.000183   0.000409   0.000734   0.001219   0.001938   0.002978   0.004439   0.006425   0.009034   0.012342   0.016389   0.021161   0.026572   0.032459   0.038583   0.044637   0.050274   0.055135   0.058885   0.061253   0.062063   0.061253   0.058885   0.055135   0.050274   0.044637   0.038583   0.032459   0.026572   0.021161   0.016389   0.012342   0.009034   0.006425   0.004439   0.002978   0.001938   0.001219   0.000734   0.000409   0.000183 
  0.000193   0.000429   0.000766   0.001266   0.002003   0.003064   0.004546   0.006553   0.009179   0.012497   0.016544   0.021303   0.026685   0.032530   0.038597   0.044588   0.050158   0.054956   0.058656   0.060991   0.061789   0.060991   0.058656   0.054956   0.050158   0.044588   0.038597   0.032530   0.026685   0.021303   0.016544   0.012497   0.009179   0.006553   0.004546   0.003064   0.002003   0.001266   0.000766   0.000429   0.000193 
  0.000202   0.000449   0.000799   0.001314   0.002068   0.003149   0.004653   0.006680   0.009322   0.012650   0.016697   0.021442   0.026796   0.032598   0.038611   0.044538   0.050043   0.054780   0.058430   0.060733   0.061520   0.060733   0.058430   0.054780   0.050043   0.044538   0.038611   0.032598   0.026796   0.021442   0.016697   0.012650   0.009322   0.006680   0.004653   0.003149   0.002068   0.001314   0.000799   0.000449   0.000202 
  0.000212   0.000470   0.000832   0.001362   0.002135   0.003235   0.004760   0.006807   0.009465   0.012802   0.016847   0.021578   0.026904   0.032664   0.038622   0.044488   0.049929   0.054606   0.058207   0.060479   0.061255   0.060479   0.058207   0.054606   0.049929   0.044488   0.038622   0.032664   0.026904   0.021578   0.016847   0.012802   0.009465   0.006807   0.004760   0.003235   0.002135   0.001362   0.000832   0.000470   0.000212 
  0.000222   0.000491   0.000866   0.001411   0.002201   0.003322   0.004867   0.006933   0.009606   0.012951   0.016995   0.021712   0.027010   0.032727   0.038632   0.044437   0.049815   0.054434   0.057988   0.060229   0.060994   0.060229   0.057988   0.054434   0.049815   0.044437   0.038632   0.032727   0.027010   0.021712   0.016995   0.012951   0.009606   0.006933   0.004867   0.003322   0.002201   0.001411   0.000866   0.000491   0.000222 
  0.000233   0.000513   0.000901   0.001461   0.002268   0.003408   0.004974   0.007058   0.009746   0.013099   0.017140   0.021842   0.027112   0.032788   0.038641   0.044386   0.049702   0.054264   0.057772   0.059982   0.060737   0.059982   0.057772   0.054264   0.049702   0.044386   0.038641   0.032788   0.027112   0.021842   0.017140   0.013099   0.009746   0.007058   0.004974   0.003408   0.002268   0.001461   0.000901   0.000513   0.000233 
  0.000243   0.000534   0.000935   0.001511   0.002336   0.003495   0.005080   0.007182   0.009884   0.013244   0.017283   0.021971   0.027213   0.032848   0.038648   0.044334   0.049590   0.054096   0.057559   0.059739   0.060484   0.059739   0.057559   0.054096   0.049590   0.044334   0.038648   0.032848   0.027213   0.021971   0.017283   0.013244   0.009884   0.007182   0.005080   0.003495   0.002336   0.001511   0.000935   0.000534   0.000243 
  0.000254   0.000557   0.000971   0.001561   0.002404   0.003582   0.005186   0.007306   0.010022   0.013388   0.017424   0.022097   0.027310   0.032905   0.038654   0.044282   0.049479   0.053930   0.057348   0.059500   0.060235   0.059500   0.057348   0.053930   0.049479   0.044282   0.038654   0.032905   0.027310   0.022097   0.017424   0.013388   0.010022   0.007306   0.005186   0.003582   0.002404   0.001561   0.000971   0.000557   0.000254 
  0.000265   0.000579   0.001006   0.001612   0.002472   0.003669   0.005292   0.007429   0.010158   0.013531   0.017563   0.022220   0.027406   0.032960   0.038659   0.044230   0.049368   0.053766   0.057141   0.059265   0.059990   0.059265   0.057141   0.053766   0.049368   0.044230   0.038659   0.032960   0.027406   0.022220   0.017563   0.013531   0.010158   0.007429   0.005292   0.003669   0.002472   0.001612   0.001006   0.000579   0.000265 
  0.000276   0.000602   0.001042   0.001664   0.002540   0.003756   0.005398   0.007552   0.010293   0.013671   0.017699   0.022341   0.027499   0.033013   0.038662   0.044177   0.049259   0.053604   0.056936   0.059033   0.059748   0.059033   0.056936   0.053604   0.049259   0.044177   0.038662   0.033013   0.027499   0.022341   0.017699   0.013671   0.010293   0.007552   0.005398   0.003756   0.002540   0.001664   0.001042   0.000602   0.000276 
  0.000287   0.000625   0.001079   0.001716   0.002609   0.003843   0.005503   0.007673   0.010426   0.013809   0.017833   0.022459   0.027589   0.033064   0.038664   0.044124   0.049150   0.053444   0.056735   0.058804   0.059510   0.058804   0.056735   0.053444   0.049150   0.044124   0.038664   0.033064   0.027589   0.022459   0.017833   0.013809   0.010426   0.007673   0.005503   0.003843   0.002609   0.001716   0.001079   0.000625   0.000287 
  0.000299   0.000649   0.001116   0.001768   0.002679   0.003930   0.005608   0.007794   0.010559   0.013946   0.017966   0.022575   0.027678   0.033113   0.038665   0.044071   0.049042   0.053285   0.056536   0.058578   0.059275   0.058578   0.056536   0.053285   0.049042   0.044071   0.038665   0.033113   0.027678   0.022575   0.017966   0.013946   0.010559   0.007794   0.005608   0.003930   0.002679   0.001768   0.001116   0.000649   0.000299 
  0.000310   0.000672   0.001153   0.001820   0.002748   0.004017   0.005713   0.007914   0.010690   0.014081   0.018095   0.022689   0.027764   0.033161   0.038665   0.044018   0.048935   0.053129   0.056339   0.058356   0.059044   0.058356   0.056339   0.053129   0.048935   0.044018   0.038665   0.033161   0.027764   0.022689   0.018095   0.014081   0.010690   0.007914   0.005713   0.004017   0.002748   0.001820   0.001153   0.000672   0.000310 
  0.000322   0.000696   0.001191   0.001873   0.002818   0.004105   0.005817   0.008033   0.010819   0.014215   0.018223   0.022801   0.027848   0.033206   0.038664   0.043964   0.048828   0.052974   0.056145   0.058137   0.058816   0.058137   0.056145   0.052974   0.048828   0.043964   0.038664   0.033206   0.027848   0.022801   0.018223   0.014215   0.010819   0.008033   0.005817   0.004105   0.002818   0.001873   0.001191   0.000696   0.000322 
  0.000334   0.000721   0.001229   0.001927   0.002887   0.004192   0.005921   0.008152   0.010948   0.014346   0.018349   0.022911   0.027930   0.033250   0.038661   0.043911   0.048723   0.052821   0.055954   0.057921   0.058592   0.057921   0.055954   0.052821   0.048723   0.043911   0.038661   0.033250   0.027930   0.022911   0.018349   0.014346   0.010948   0.008152   0.005921   0.004192   0.002887   0.001927   0.001229   0.000721   0.000334 
  0.000346   0.000745   0.001267   0.001980   0.002958   0.004279   0.006025   0.008270   0.011075   0.014476   0.018473   0.023018   0.028010   0.033293   0.038658   0.043857   0.048618   0.052670   0.055766   0.057708   0.058371   0.057708   0.055766   0.052670   0.048618   0.043857   0.038658   0.033293   0.028010   0.023018   0.018473   0.014476   0.011075   0.008270   0.006025   0.004279   0.002958   0.001980   0.001267   0.000745   0.000346 
  0.000359   0.000770   0.001306   0.002034   0.003028   0.004366   0.006128   0.008386   0.011201   0.014605   0.018595   0.023123   0.028088   0.033334   0.038654   0.043803   0.048514   0.052520   0.055579   0.057498   0.058152   0.057498   0.055579   0.052520   0.048514   0.043803   0.038654   0.033334   0.028088   0.023123   0.018595   0.014605   0.011201   0.008386   0.006128   0.004366   0.003028   0.002034   0.001306   0.000770   0.000359 
  0.000371   0.000795   0.001345   0.002088   0.003098   0.004453   0.006231   0.008503   0.011326   0.014731   0.018715   0.023227   0.028165   0.033373   0.038649   0.043749   0.048411   0.052372   0.055395   0.057291   0.057937   0.057291   0.055395   0.052372   0.048411   0.043749   0.038649   0.033373   0.028165   0.023227   0.018715   0.014731   0.011326   0.008503   0.006231   0.004453   0.003098   0.002088   0.001345   0.000795   0.000371 
  0.000383   0.000821   0.001384   0.002142   0.003169   0.004540   0.006333   0.008618   0.011449   0.014857   0.018833   0.023328   0.028239   0.033411   0.038643   0.043695   0.048308   0.052226   0.055214   0.057087   0.057725   0.057087   0.055214   0.052226   0.048308   0.043695   0.038643   0.033411   0.028239   0.023328   0.018833   0.014857   0.011449   0.008618   0.006333   0.004540   0.003169   0.002142   0.001384   0.000821   0.000383 
  0.000396   0.000846   0.001424   0.002197   0.003239   0.004627   0.006435   0.008732   0.011571   0.014980   0.018950   0.023428   0.028311   0.033448   0.038636   0.043641   0.048207   0.052081   0.055035   0.056886   0.057516   0.056886   0.055035   0.052081   0.048207   0.043641   0.038636   0.033448   0.028311   0.023428   0.018950   0.014980   0.011571   0.008732   0.006435   0.004627   0.003239   0.002197   0.001424   0.000846   0.000396 
  0.000409   0.000872   0.001464   0.002252   0.003310   0.004713   0.006536   0.008846   0.011693   0.015102   0.019064   0.023525   0.028382   0.033483   0.038628   0.043586   0.048106   0.051938   0.054858   0.056687   0.057310   0.056687   0.054858   0.051938   0.048106   0.043586   0.038628   0.033483   0.028382   0.023525   0.019064   0.015102   0.011693   0.008846   0.006536   0.004713   0.003310   0.002252   0.001464   0.000872   0.000409 
  0.000422   0.000898   0.001504   0.002307   0.003381   0.004800   0.006637   0.008959   0.011812   0.015222   0.019177   0.023621   0.028451   0.033516   0.038620   0.043532   0.048006   0.051796   0.054683   0.056491   0.057107   0.056491   0.054683   0.051796   0.048006   0.043532   0.038620   0.033516   0.028451   0.023621   0.019177   0.015222   0.011812   0.008959   0.006637   0.004800   0.003381   0.002307   0.001504   0.000898   0.000422 
  0.000435   0.000924   0.001544   0.002362   0.003452   0.004886   0.006738   0.009070   0.011931   0.015341   0.019288   0.023715   0.028519   0.033549   0.038611   0.043478   0.047907   0.051656   0.054511   0.056298   0.056906   0.056298   0.054511   0.051656   0.047907   0.043478   0.038611   0.033549   0.028519   0.023715   0.019288   0.015341   0.011931   0.009070   0.006738   0.004886   0.003452   0.002362   0.001544   0.000924   0.000435 
  0.000448   0.000951   0.001584   0.002418   0.003522   0.004972   0.006838   0.009182   0.012048   0.015458   0.019397   0.023807   0.028584   0.033580   0.038601   0.043423   0.047808   0.051518   0.054340   0.056107   0.056708   0.056107   0.054340   0.051518   0.047808   0.043423   0.038601   0.033580   0.028584   0.023807   0.019397   0.015458   0.012048   0.009182   0.006838   0.004972   0.003522   0.002418   0.001584   0.000951   0.000448 
  0.000461   0.000977   0.001625   0.002473   0.003593   0.005058   0.006937   0.009292   0.012165   0.015574   0.019504   0.023897   0.028649   0.033610   0.038590   0.043369   0.047710   0.051381   0.054172   0.055918   0.056513   0.055918   0.054172   0.051381   0.047710   0.043369   0.038590   0.033610   0.028649   0.023897   0.019504   0.015574   0.012165   0.009292   0.006937   0.005058   0.003593   0.002473   0.001625   0.000977   0.000461 
  0.000474   0.001004   0.001666   0.002529   0.003664   0.005144   0.007037   0.009401   0.012280   0.015689   0.019610   0.023986   0.028711   0.033639   0.038579   0.043315   0.047613   0.051246   0.054006   0.055732   0.056320   0.055732   0.054006   0.051246   0.047613   0.043315   0.038579   0.033639   0.028711   0.023986   0.019610   0.015689   0.012280   0.009401   0.007037   0.005144   0.003664   0.002529   0.001666   0.001004   0.000474 
  0.000488   0.001031   0.001707   0.002585   0.003735   0.005229   0.007135   0.009510   0.012394   0.015802   0.019714   0.024073   0.028772   0.033666   0.038567   0.043261   0.047517   0.051111   0.053842   0.055549   0.056130   0.055549   0.053842   0.051111   0.047517   0.043261   0.038567   0.033666   0.028772   0.024073   0.019714   0.015802   0.012394   0.009510   0.007135   0.005229   0.003735   0.002585   0.001707   0.001031   0.000488 
  0.000501   0.001058   0.001748   0.002640   0.003806   0.005315   0.007233   0.009617   0.012506   0.015913   0.019817   0.024158   0.028832   0.033693   0.038555   0.043206   0.047422   0.050979   0.053680   0.055368   0.055942   0.055368   0.053680   0.050979   0.047422   0.043206   0.038555   0.033693   0.028832   0.024158   0.019817   0.015913   0.012506   0.009617   0.007233   0.005315   0.003806   0.002640   0.001748   0.001058   0.000501 
  0.000515   0.001085   0.001789   0.002696   0.003876   0.005399   0.007330   0.009724   0.012618   0.016023   0.019918   0.024242   0.028890   0.033718   0.038542   0.043152   0.047327   0.050848   0.053520   0.055189   0.055757   0.055189   0.053520   0.050848   0.047327   0.043152   0.038542   0.033718   0.028890   0.024242   0.019918   0.016023   0.012618   0.009724   0.007330   0.005399   0.003876   0.002696   0.001789   0.001085   0.000515 
  0.000528   0.001112   0.001831   0.002752   0.003947   0.005484   0.007427   0.009830   0.012728   0.016132   0.020017   0.024324   0.028947   0.033742   0.038528   0.043098   0.047233   0.050718   0.053362   0.055013   0.055574   0.055013   0.053362   0.050718   0.047233   0.043098   0.038528   0.033742   0.028947   0.024324   0.020017   0.016132   0.012728   0.009830   0.007427   0.005484   0.003947   0.002752   0.001831   0.001112   0.000528 
  0.000542   0.001140   0.001872   0.002808   0.004018   0.005569   0.007524   0.009935   0.012838   0.016239   0.020115   0.024404   0.029002   0.033765   0.038514   0.043044   0.047140   0.050589   0.053205   0.054838   0.055394   0.054838   0.053205   0.050589   0.047140   0.043044   0.038514   0.033765   0.029002   0.024404   0.020115   0.016239   0.012838   0.009935   0.007524   0.005569   0.004018   0.002808   0.001872   0.001140   0.000542 
  0.000556   0.001167   0.001914   0.002865   0.004088   0.005653   0.007620   0.010040   0.012946   0.016345   0.020212   0.024483   0.029056   0.033788   0.038500   0.042990   0.047047   0.050462   0.053051   0.054666   0.055216   0.054666   0.053051   0.050462   0.047047   0.042990   0.038500   0.033788   0.029056   0.024483   0.020212   0.016345   0.012946   0.010040   0.007620   0.005653   0.004088   0.002865   0.001914   0.001167   0.000556 
  0.000570   0.001195   0.001956   0.002921   0.004159   0.005736   0.007715   0.010143   0.013053   0.016449   0.020307   0.024561   0.029109   0.033809   0.038484   0.042937   0.046955   0.050337   0.052898   0.054496   0.055040   0.054496   0.052898   0.050337   0.046955   0.042937   0.038484   0.033809   0.029109   0.024561   0.020307   0.016449   0.013053   0.010143   0.007715   0.005736   0.004159   0.002921   0.001956   0.001195   0.000570 
  0.000584   0.001223   0.001998   0.002977   0.004229   0.005820   0.007810   0.010246   0.013159   0.016553   0.020400   0.024637   0.029161   0.033829   0.038469   0.042883   0.046864   0.050212   0.052747   0.054328   0.054866   0.054328   0.052747   0.050212   0.046864   0.042883   0.038469   0.033829   0.029161   0.024637   0.020400   0.016553   0.013159   0.010246   0.007810   0.005820   0.004229   0.002977   0.001998   0.001223   0.000584 
  0.000598   0.001250   0.002039   0.003033   0.004299   0.005903   0.007904   0.010348   0.013264   0.016655   0.020492   0.024712   0.029211   0.033849   0.038453   0.042829   0.046774   0.050089   0.052598   0.054163   0.054694   0.054163   0.052598   0.050089   0.046774   0.042829   0.038453   0.033849   0.029211   0.024712   0.020492   0.016655   0.013264   0.010348   0.007904   0.005903   0.004299   0.003033   0.002039   0.001250   0.000598 
  0.000612   0.001278   0.002081   0.003089   0.004369   0.005986   0.007997   0.010449   0.013367   0.016755   0.020583   0.024786   0.029260   0.033867   0.038436   0.042776   0.046684   0.049967   0.052451   0.053999   0.054525   0.053999   0.052451   0.049967   0.046684   0.042776   0.038436   0.033867   0.029260   0.024786   0.020583   0.016755   0.013367   0.010449   0.007997   0.005986   0.004369   0.003089   0.002081   0.001278   0.000612 
  0.000626   0.001306   0.002123   0.003145   0.004439   0.006068   0.008090   0.010549   0.013470   0.016854   0.020672   0.024858   0.029308   0.033885   0.038419   0.042722   0.046595   0.049846   0.052305   0.053837   0.054358   0.053837   0.052305   0.049846   0.046595   0.042722   0.038419   0.033885   0.029308   0.024858   0.020672   0.016854   0.013470   0.010549   0.008090   0.006068   0.004439   0.003145   0.002123   0.001306   0.000626 
  0.000640   0.001334   0.002165   0.003201   0.004509   0.006150   0.008182   0.010648   0.013571   0.016953   0.020760   0.024928   0.029355   0.033902   0.038402   0.042669   0.046507   0.049727   0.052161   0.053677   0.054193   0.053677   0.052161   0.049727   0.046507   0.042669   0.038402   0.033902   0.029355   0.024928   0.020760   0.016953   0.013571   0.010648   0.008182   0.006150   0.004509   0.003201   0.002165   0.001334   0.000640 
  0.000654   0.001362   0.002208   0.003257   0.004578   0.006232   0.008274   0.010746   0.013672   0.017049   0.020847   0.024998   0.029400   0.033918   0.038385   0.042616   0.046420   0.049609   0.052018   0.053520   0.054029   0.053520   0.052018   0.049609   0.046420   0.042616   0.038385   0.033918   0.029400   0.024998   0.020847   0.017049   0.013672   0.010746   0.008274   0.006232   0.004578   0.003257   0.002208   0.001362   0.000654 
  0.000668   0.001390   0.002250   0.003313   0.004647   0.006313   0.008365   0.010844   0.013771   0.017145   0.020932   0.025066   0.029445   0.033933   0.038367   0.042563   0.046333   0.049492   0.051878   0.053364   0.053868   0.053364   0.051878   0.049492   0.046333   0.042563   0.038367   0.033933   0.029445   0.025066   0.020932   0.017145   0.013771   0.010844   0.008365   0.006313   0.004647   0.003313   0.002250   0.001390   0.000668 
  0.000682   0.001418   0.002292   0.003369   0.004717   0.006394   0.008456   0.010941   0.013870   0.017239   0.021016   0.025133   0.029488   0.033947   0.038348   0.042510   0.046247   0.049376   0.051738   0.053209   0.053709   0.053209   0.051738   0.049376   0.046247   0.042510   0.038348   0.033947   0.029488   0.025133   0.021016   0.017239   0.013870   0.010941   0.008456   0.006394   0.004717   0.003369   0.002292   0.001418   0.000682 
  0.000696   0.001446   0.002334   0.003425   0.004785   0.006475   0.008546   0.011037   0.013967   0.017333   0.021099   0.025199   0.029531   0.033961   0.038329   0.042458   0.046161   0.049261   0.051601   0.053057   0.053552   0.053057   0.051601   0.049261   0.046161   0.042458   0.038329   0.033961   0.029531   0.025199   0.021099   0.017333   0.013967   0.011037   0.008546   0.006475   0.004785   0.003425   0.002334   0.001446   0.000696 
  0.000711   0.001475   0.002376   0.003481   0.004854   0.006555   0.008635   0.011132   0.014063   0.017425   0.021180   0.025263   0.029572   0.033974   0.038310   0.042405   0.046076   0.049147   0.051465   0.052907   0.053396   0.052907   0.051465   0.049147   0.046076   0.042405   0.038310   0.033974   0.029572   0.025263   0.021180   0.017425   0.014063   0.011132   0.008635   0.006555   0.004854   0.003481   0.002376   0.001475   0.000711 
  0.000725   0.001503   0.002418   0.003536   0.004923   0.006635   0.008724   0.011226   0.014159   0.017516   0.021261   0.025327   0.029612   0.033986   0.038291   0.042353   0.045992   0.049035   0.051330   0.052758   0.053242   0.052758   0.051330   0.049035   0.045992   0.042353   0.038291   0.033986   0.029612   0.025327   0.021261   0.017516   0.014159   0.011226   0.008724   0.006635   0.004923   0.003536   0.002418   0.001503   0.000725 
  0.000739   0.001531   0.002460   0.003592   0.004991   0.006714   0.008812   0.011319   0.014253   0.017605   0.021340   0.025389   0.029652   0.033998   0.038272   0.042301   0.045908   0.048924   0.051197   0.052611   0.053091   0.052611   0.051197   0.048924   0.045908   0.042301   0.038272   0.033998   0.029652   0.025389   0.021340   0.017605   0.014253   0.011319   0.008812   0.006714   0.004991   0.003592   0.002460   0.001531   0.000739 
  0.000753   0.001559   0.002502   0.003647   0.005059   0.006793   0.008900   0.011412   0.014346   0.017694   0.021418   0.025450   0.029690   0.034009   0.038252   0.042249   0.045826   0.048814   0.051065   0.052465   0.052941   0.052465   0.051065   0.048814   0.045826   0.042249   0.038252   0.034009   0.029690   0.025450   0.021418   0.017694   0.014346   0.011412   0.008900   0.006793   0.005059   0.003647   0.002502   0.001559   0.000753 
  0.000768   0.001587   0.002544   0.003703   0.005126   0.006872   0.008986   0.011504   0.014439   0.017781   0.021495   0.025510   0.029728   0.034019   0.038232   0.042197   0.045743   0.048704   0.050935   0.052322   0.052792   0.052322   0.050935   0.048704   0.045743   0.042197   0.038232   0.034019   0.029728   0.025510   0.021495   0.017781   0.014439   0.011504   0.008986   0.006872   0.005126   0.003703   0.002544   0.001587   0.000768 
  0.000782   0.001616   0.002586   0.003758   0.005194   0.006950   0.009073   0.011595   0.014530   0.017868   0.021570   0.025569   0.029764   0.034029   0.038211   0.042146   0.045662   0.048596   0.050806   0.052180   0.052646   0.052180   0.050806   0.048596   0.045662   0.042146   0.038211   0.034029   0.029764   0.025569   0.021570   0.017868   0.014530   0.011595   0.009073   0.006950   0.005194   0.003758   0.002586   0.001616   0.000782 
  0.000796   0.001644   0.002628   0.003813   0.005261   0.007028   0.009158   0.011685   0.014620   0.017953   0.021645   0.025627   0.029800   0.034038   0.038191   0.042094   0.045581   0.048489   0.050679   0.052039   0.052501   0.052039   0.050679   0.048489   0.045581   0.042094   0.038191   0.034038   0.029800   0.025627   0.021645   0.017953   0.014620   0.011685   0.009158   0.007028   0.005261   0.003813   0.002628   0.001644   0.000796 
  0.000811   0.001672   0.002669   0.003868   0.005328   0.007105   0.009243   0.011774   0.014710   0.018037   0.021718   0.025683   0.029835   0.034046   0.038170   0.042043   0.045501   0.048383   0.050553   0.051900   0.052357   0.051900   0.050553   0.048383   0.045501   0.042043   0.038170   0.034046   0.029835   0.025683   0.021718   0.018037   0.014710   0.011774   0.009243   0.007105   0.005328   0.003868   0.002669   0.001672   0.000811 
  0.000825   0.001700   0.002711   0.003922   0.005394   0.007182   0.009328   0.011863   0.014798   0.018120   0.021790   0.025739   0.029869   0.034054   0.038149   0.041992   0.045421   0.048278   0.050428   0.051763   0.052216   0.051763   0.050428   0.048278   0.045421   0.041992   0.038149   0.034054   0.029869   0.025739   0.021790   0.018120   0.014798   0.011863   0.009328   0.007182   0.005394   0.003922   0.002711   0.001700   0.000825 
  0.000839   0.001728   0.002753   0.003977   0.005461   0.007258   0.009412   0.011951   0.014886   0.018203   0.021862   0.025794   0.029902   0.034061   0.038127   0.041942   0.045342   0.048174   0.050305   0.051627   0.052076   0.051627   0.050305   0.048174   0.045342   0.041942   0.038127   0.034061   0.029902   0.025794   0.021862   0.018203   0.014886   0.011951   0.009412   0.007258   0.005461   0.003977   0.002753   0.001728   0.000839 
  0.000853   0.001756   0.002794   0.004031   0.005527   0.007334   0.009495   0.012038   0.014972   0.018284   0.021932   0.025848   0.029934   0.034068   0.038106   0.041891   0.045263   0.048072   0.050183   0.051493   0.051937   0.051493   0.050183   0.048072   0.045263   0.041891   0.038106   0.034068   0.029934   0.025848   0.021932   0.018284   0.014972   0.012038   0.009495   0.007334   0.005527   0.004031   0.002794   0.001756   0.000853 
  0.000867   0.001784   0.002836   0.004085   0.005592   0.007409   0.009577   0.012124   0.015058   0.018364   0.022001   0.025901   0.029966   0.034075   0.038084   0.041841   0.045186   0.047970   0.050062   0.051360   0.051800   0.051360   0.050062   0.047970   0.045186   0.041841   0.038084   0.034075   0.029966   0.025901   0.022001   0.018364   0.015058   0.012124   0.009577   0.007409   0.005592   0.004085   0.002836   0.001784   0.000867 
  0.000882   0.001812   0.002877   0.004139   0.005658   0.007484   0.009659   0.012210   0.015143   0.018443   0.022069   0.025953   0.029997   0.034080   0.038063   0.041790   0.045108   0.047869   0.049942   0.051229   0.051665   0.051229   0.049942   0.047869   0.045108   0.041790   0.038063   0.034080   0.029997   0.025953   0.022069   0.018443   0.015143   0.012210   0.009659   0.007484   0.005658   0.004139   0.002877   0.001812   0.000882 
  0.000896   0.001840   0.002918   0.004193   0.005723   0.007559   0.009741   0.012294   0.015226   0.018521   0.022136   0.026004   0.030027   0.034086   0.038041   0.041741   0.045032   0.047769   0.049824   0.051099   0.051531   0.051099   0.049824   0.047769   0.045032   0.041741   0.038041   0.034086   0.030027   0.026004   0.022136   0.018521   0.015226   0.012294   0.009741   0.007559   0.005723   0.004193   0.002918   0.001840   0.000896 
  0.000910   0.001868   0.002959   0.004246   0.005787   0.007633   0.009821   0.012378   0.015309   0.018598   0.022203   0.026054   0.030056   0.034090   0.038018   0.041691   0.044956   0.047669   0.049707   0.050970   0.051399   0.050970   0.049707   0.047669   0.044956   0.041691   0.038018   0.034090   0.030056   0.026054   0.022203   0.018598   0.015309   0.012378   0.009821   0.007633   0.005787   0.004246   0.002959   0.001868   0.000910 
  0.000924   0.001895   0.003000   0.004300   0.005852   0.007706   0.009901   0.012461   0.015391   0.018674   0.022268   0.026103   0.030085   0.034095   0.037996   0.041641   0.044880   0.047571   0.049591   0.050843   0.051268   0.050843   0.049591   0.047571   0.044880   0.041641   0.037996   0.034095   0.030085   0.026103   0.022268   0.018674   0.015391   0.012461   0.009901   0.007706   0.005852   0.004300   0.003000   0.001895   0.000924 
  0.000938   0.001923   0.003041   0.004353   0.005916   0.007779   0.009981   0.012544   0.015473   0.018750   0.022332   0.026151   0.030113   0.034099   0.037974   0.041592   0.044805   0.047474   0.049476   0.050718   0.051138   0.050718   0.049476   0.047474   0.044805   0.041592   0.037974   0.034099   0.030113   0.026151   0.022332   0.018750   0.015473   0.012544   0.009981   0.007779   0.005916   0.004353   0.003041   0.001923   0.000938 
  0.000952   0.001951   0.003081   0.004406   0.005980   0.007852   0.010060   0.012625   0.015553   0.018824   0.022395   0.026199   0.030140   0.034102   0.037951   0.041543   0.044731   0.047378   0.049363   0.050593   0.051010   0.050593   0.049363   0.047378   0.044731   0.041543   0.037951   0.034102   0.030140   0.026199   0.022395   0.018824   0.015553   0.012625   0.010060   0.007852   0.005980   0.004406   0.003081   0.001951   0.000952 
  0.000966   0.001978   0.003122   0.004458   0.006043   0.007924   0.010138   0.012706   0.015632   0.018897   0.022458   0.026245   0.030166   0.034105   0.037929   0.041494   0.044657   0.047282   0.049250   0.050470   0.050883   0.050470   0.049250   0.047282   0.044657   0.041494   0.037929   0.034105   0.030166   0.026245   0.022458   0.018897   0.015632   0.012706   0.010138   0.007924   0.006043   0.004458   0.003122   0.001978   0.000966 
  0.000980   0.002006   0.003162   0.004511   0.006106   0.007996   0.010215   0.012786   0.015711   0.018970   0.022519   0.026291   0.030192   0.034108   0.037906   0.041445   0.044584   0.047188   0.049139   0.050348   0.050758   0.050348   0.049139   0.047188   0.044584   0.041445   0.037906   0.034108   0.030192   0.026291   0.022519   0.018970   0.015711   0.012786   0.010215   0.007996   0.006106   0.004511   0.003162   0.002006   0.000980 
  0.000994   0.002033   0.003203   0.004563   0.006169   0.008067   0.010292   0.012866   0.015789   0.019041   0.022580   0.026336   0.030218   0.034110   0.037883   0.041397   0.044512   0.047094   0.049029   0.050228   0.050634   0.050228   0.049029   0.047094   0.044512   0.041397   0.037883   0.034110   0.030218   0.026336   0.022580   0.019041   0.015789   0.012866   0.010292   0.008067   0.006169   0.004563   0.003203   0.002033   0.000994 
  0.001008   0.002060   0.003243   0.004615   0.006231   0.008138   0.010369   0.012944   0.015865   0.019112   0.022640   0.026381   0.030242   0.034112   0.037860   0.041349   0.044440   0.047001   0.048920   0.050109   0.050511   0.050109   0.048920   0.047001   0.044440   0.041349   0.037860   0.034112   0.030242   0.026381   0.022640   0.019112   0.015865   0.012944   0.010369   0.008138   0.006231   0.004615   0.003243   0.002060   0.001008 
  0.001022   0.002088   0.003283   0.004667   0.006293   0.008208   0.010445   0.013022   0.015941   0.019182   0.022699   0.026424   0.030266   0.034113   0.037837   0.041301   0.044368   0.046909   0.048812   0.049991   0.050390   0.049991   0.048812   0.046909   0.044368   0.041301   0.037837   0.034113   0.030266   0.026424   0.022699   0.019182   0.015941   0.013022   0.010445   0.008208   0.006293   0.004667   0.003283   0.002088   0.001022 
  0.001036   0.002115   0.003322   0.004718   0.006355   0.008278   0.010520   0.013099   0.016017   0.019251   0.022757   0.026467   0.030290   0.034114   0.037814   0.041253   0.044297   0.046818   0.048705   0.049874   0.050270   0.049874   0.048705   0.046818   0.044297   0.041253   0.037814   0.034114   0.030290   0.026467   0.022757   0.019251   0.016017   0.013099   0.010520   0.008278   0.006355   0.004718   0.003322   0.002115   0.001036 
  0.001050   0.002142   0.003362   0.004769   0.006416   0.008347   0.010594   0.013176   0.016091   0.019319   0.022814   0.026509   0.030312   0.034115   0.037790   0.041206   0.044227   0.046728   0.048600   0.049758   0.050151   0.049758   0.048600   0.046728   0.044227   0.041206   0.037790   0.034115   0.030312   0.026509   0.022814   0.019319   0.016091   0.013176   0.010594   0.008347   0.006416   0.004769   0.003362   0.002142   0.001050 
  0.001064   0.002169   0.003401   0.004820   0.006477   0.008416   0.010668   0.013252   0.016165   0.019386   0.022870   0.026550   0.030335   0.034115   0.037767   0.041158   0.044157   0.046638   0.048495   0.049644   0.050033   0.049644   0.048495   0.046638   0.044157   0.041158   0.037767   0.034115   0.030335   0.026550   0.022870   0.019386   0.016165   0.013252   0.010668   0.008416   0.006477   0.004820   0.003401   0.002169   0.001064 
  0.001077   0.002195   0.003441   0.004871   0.006537   0.008484   0.010741   0.013327   0.016238   0.019452   0.022926   0.026590   0.030356   0.034115   0.037744   0.041111   0.044087   0.046549   0.048391   0.049531   0.049916   0.049531   0.048391   0.046549   0.044087   0.041111   0.037744   0.034115   0.030356   0.026590   0.022926   0.019452   0.016238   0.013327   0.010741   0.008484   0.006537   0.004871   0.003441   0.002195   0.001077 
  0.001091   0.002222   0.003480   0.004921   0.006598   0.008552   0.010814   0.013401   0.016310   0.019518   0.022981   0.026630   0.030377   0.034115   0.037720   0.041065   0.044019   0.046461   0.048288   0.049419   0.049801   0.049419   0.048288   0.046461   0.044019   0.041065   0.037720   0.034115   0.030377   0.026630   0.022981   0.019518   0.016310   0.013401   0.010814   0.008552   0.006598   0.004921   0.003480   0.002222   0.001091 
  0.001105   0.002249   0.003519   0.004971   0.006657   0.008619   0.010886   0.013474   0.016381   0.019583   0.023035   0.026669   0.030398   0.034114   0.037697   0.041018   0.043950   0.046374   0.048187   0.049308   0.049687   0.049308   0.048187   0.046374   0.043950   0.041018   0.037697   0.034114   0.030398   0.026669   0.023035   0.019583   0.016381   0.013474   0.010886   0.008619   0.006657   0.004971   0.003519   0.002249   0.001105 
  0.001118   0.002275   0.003557   0.005021   0.006717   0.008686   0.010958   0.013547   0.016451   0.019647   0.023088   0.026708   0.030418   0.034113   0.037673   0.040972   0.043883   0.046288   0.048086   0.049198   0.049574   0.049198   0.048086   0.046288   0.043883   0.040972   0.037673   0.034113   0.030418   0.026708   0.023088   0.019647   0.016451   0.013547   0.010958   0.008686   0.006717   0.005021   0.003557   0.002275   0.001118 
  0.001132   0.002301   0.003596   0.005071   0.006776   0.008752   0.011029   0.013620   0.016521   0.019710   0.023140   0.026745   0.030438   0.034112   0.037649   0.040925   0.043815   0.046202   0.047986   0.049089   0.049462   0.049089   0.047986   0.046202   0.043815   0.040925   0.037649   0.034112   0.030438   0.026745   0.023140   0.019710   0.016521   0.013620   0.011029   0.008752   0.006776   0.005071   0.003596   0.002301   0.001132 
  0.001145   0.002328   0.003634   0.005120   0.006834   0.008818   0.011099   0.013691   0.016590   0.019772   0.023192   0.026782   0.030457   0.034110   0.037626   0.040880   0.043749   0.046118   0.047887   0.048981   0.049352   0.048981   0.047887   0.046118   0.043749   0.040880   0.037626   0.034110   0.030457   0.026782   0.023192   0.019772   0.016590   0.013691   0.011099   0.008818   0.006834   0.005120   0.003634   0.002328   0.001145 
  0.001158   0.002354   0.003672   0.005169   0.006893   0.008883   0.011169   0.013762   0.016658   0.019834   0.023243   0.026819   0.030475   0.034108   0.037602   0.040834   0.043682   0.046034   0.047790   0.048875   0.049242   0.048875   0.047790   0.046034   0.043682   0.040834   0.037602   0.034108   0.030475   0.026819   0.023243   0.019834   0.016658   0.013762   0.011169   0.008883   0.006893   0.005169   0.003672   0.002354   0.001158 
  0.001172   0.002380   0.003710   0.005218   0.006951   0.008948   0.011238   0.013832   0.016726   0.019895   0.023293   0.026855   0.030493   0.034106   0.037578   0.040788   0.043617   0.045950   0.047693   0.048769   0.049134   0.048769   0.047693   0.045950   0.043617   0.040788   0.037578   0.034106   0.030493   0.026855   0.023293   0.019895   0.016726   0.013832   0.011238   0.008948   0.006951   0.005218   0.003710   0.002380   0.001172 
  0.001185   0.002406   0.003748   0.005266   0.007008   0.009013   0.011306   0.013902   0.016793   0.019955   0.023343   0.026890   0.030511   0.034103   0.037554   0.040743   0.043551   0.045868   0.047597   0.048665   0.049026   0.048665   0.047597   0.045868   0.043551   0.040743   0.037554   0.034103   0.030511   0.026890   0.023343   0.019955   0.016793   0.013902   0.011306   0.009013   0.007008   0.005266   0.003748   0.002406   0.001185 
  0.001198   0.002431   0.003786   0.005314   0.007065   0.009076   0.011374   0.013970   0.016859   0.020014   0.023391   0.026924   0.030528   0.034101   0.037530   0.040698   0.043487   0.045786   0.047501   0.048561   0.048920   0.048561   0.047501   0.045786   0.043487   0.040698   0.037530   0.034101   0.030528   0.026924   0.023391   0.020014   0.016859   0.013970   0.011374   0.009076   0.007065   0.005314   0.003786   0.002431   0.001198 
  0.001211   0.002457   0.003823   0.005362   0.007122   0.009140   0.011442   0.014038   0.016924   0.020073   0.023440   0.026958   0.030544   0.034098   0.037507   0.040654   0.043422   0.045704   0.047407   0.048459   0.048815   0.048459   0.047407   0.045704   0.043422   0.040654   0.037507   0.034098   0.030544   0.026958   0.023440   0.020073   0.016924   0.014038   0.011442   0.009140   0.007122   0.005362   0.003823   0.002457   0.001211 
  0.001224   0.002483   0.003860   0.005410   0.007178   0.009203   0.011508   0.014106   0.016989   0.020131   0.023487   0.026992   0.030561   0.034095   0.037483   0.040609   0.043358   0.045624   0.047314   0.048358   0.048710   0.048358   0.047314   0.045624   0.043358   0.040609   0.037483   0.034095   0.030561   0.026992   0.023487   0.020131   0.016989   0.014106   0.011508   0.009203   0.007178   0.005410   0.003860   0.002483   0.001224 
  0.001237   0.002508   0.003897   0.005457   0.007234   0.009265   0.011575   0.014173   0.017053   0.020188   0.023534   0.027024   0.030576   0.034091   0.037459   0.040565   0.043295   0.045544   0.047221   0.048257   0.048607   0.048257   0.047221   0.045544   0.043295   0.040565   0.037459   0.034091   0.030576   0.027024   0.023534   0.020188   0.017053   0.014173   0.011575   0.009265   0.007234   0.005457   0.003897   0.002508   0.001237 
  0.001250   0.002533   0.003934   0.005504   0.007290   0.009327   0.011640   0.014239   0.017116   0.020245   0.023580   0.027057   0.030592   0.034087   0.037435   0.040521   0.043232   0.045465   0.047130   0.048158   0.048505   0.048158   0.047130   0.045465   0.043232   0.040521   0.037435   0.034087   0.030592   0.027057   0.023580   0.020245   0.017116   0.014239   0.011640   0.009327   0.007290   0.005504   0.003934   0.002533   0.001250 
  0.001263   0.002558   0.003970   0.005551   0.007345   0.009389   0.011705   0.014305   0.017178   0.020300   0.023625   0.027088   0.030607   0.034083   0.037411   0.040477   0.043170   0.045387   0.047039   0.048059   0.048404   0.048059   0.047039   0.045387   0.043170   0.040477   0.037411   0.034083   0.030607   0.027088   0.023625   0.020300   0.017178   0.014305   0.011705   0.009389   0.007345   0.005551   0.003970   0.002558   0.001263 
  0.001276   0.002583   0.004006   0.005597   0.007400   0.009449   0.011770   0.014369   0.017240   0.020356   0.023670   0.027119   0.030621   0.034079   0.037387   0.040433   0.043108   0.045309   0.046949   0.047961   0.048304   0.047961   0.046949   0.045309   0.043108   0.040433   0.037387   0.034079   0.030621   0.027119   0.023670   0.020356   0.017240   0.014369   0.011770   0.009449   0.007400   0.005597   0.004006   0.002583   0.001276 
  0.001289   0.002608   0.004042   0.005643   0.007454   0.009510   0.011834   0.014434   0.017301   0.020410   0.023714   0.027150   0.030635   0.034075   0.037363   0.040390   0.043046   0.045232   0.046860   0.047865   0.048204   0.047865   0.046860   0.045232   0.043046   0.040390   0.037363   0.034075   0.030635   0.027150   0.023714   0.020410   0.017301   0.014434   0.011834   0.009510   0.007454   0.005643   0.004042   0.002608   0.001289 
  0.001301   0.002633   0.004078   0.005689   0.007508   0.009570   0.011897   0.014497   0.017362   0.020464   0.023758   0.027180   0.030649   0.034070   0.037339   0.040347   0.042985   0.045155   0.046772   0.047769   0.048106   0.047769   0.046772   0.045155   0.042985   0.040347   0.037339   0.034070   0.030649   0.027180   0.023758   0.020464   0.017362   0.014497   0.011897   0.009570   0.007508   0.005689   0.004078   0.002633   0.001301 
  0.001314   0.002657   0.004114   0.005734   0.007562   0.009629   0.011960   0.014560   0.017422   0.020517   0.023801   0.027209   0.030662   0.034066   0.037315   0.040304   0.042925   0.045079   0.046684   0.047674   0.048009   0.047674   0.046684   0.045079   0.042925   0.040304   0.037315   0.034066   0.030662   0.027209   0.023801   0.020517   0.017422   0.014560   0.011960   0.009629   0.007562   0.005734   0.004114   0.002657   0.001314 
  0.001327   0.002681   0.004149   0.005779   0.007615   0.009688   0.012022   0.014623   0.017481   0.020569   0.023843   0.027238   0.030675   0.034061   0.037292   0.040261   0.042865   0.045004   0.046597   0.047580   0.047912   0.047580   0.046597   0.045004   0.042865   0.040261   0.037292   0.034061   0.030675   0.027238   0.023843   0.020569   0.017481   0.014623   0.012022   0.009688   0.007615   0.005779   0.004149   0.002681   0.001327 
  0.001339   0.002706   0.004184   0.005824   0.007668   0.009747   0.012084   0.014684   0.017539   0.020621   0.023885   0.027267   0.030688   0.034055   0.037268   0.040219   0.042805   0.044930   0.046511   0.047487   0.047816   0.047487   0.046511   0.044930   0.042805   0.040219   0.037268   0.034055   0.030688   0.027267   0.023885   0.020621   0.017539   0.014684   0.012084   0.009747   0.007668   0.005824   0.004184   0.002706   0.001339 
  0.001351   0.002730   0.004219   0.005869   0.007720   0.009805   0.012145   0.014746   0.017597   0.020672   0.023926   0.027295   0.030700   0.034050   0.037244   0.040177   0.042746   0.044856   0.046426   0.047395   0.047722   0.047395   0.046426   0.044856   0.042746   0.040177   0.037244   0.034050   0.030700   0.027295   0.023926   0.020672   0.017597   0.014746   0.012145   0.009805   0.007720   0.005869   0.004219   0.002730   0.001351 
  0.001364   0.002754   0.004254   0.005913   0.007772   0.009863   0.012205   0.014806   0.017654   0.020723   0.023967   0.027322   0.030712   0.034044   0.037220   0.040135   0.042687   0.044783   0.046342   0.047303   0.047628   0.047303   0.046342   0.044783   0.042687   0.040135   0.037220   0.034044   0.030712   0.027322   0.023967   0.020723   0.017654   0.014806   0.012205   0.009863   0.007772   0.005913   0.004254   0.002754   0.001364 
  0.001376   0.002777   0.004289   0.005957   0.007824   0.009920   0.012266   0.014866   0.017711   0.020773   0.024007   0.027349   0.030724   0.034039   0.037196   0.040093   0.042628   0.044710   0.046258   0.047213   0.047535   0.047213   0.046258   0.044710   0.042628   0.040093   0.037196   0.034039   0.030724   0.027349   0.024007   0.020773   0.017711   0.014866   0.012266   0.009920   0.007824   0.005957   0.004289   0.002777   0.001376 
  0.001388   0.002801   0.004323   0.006001   0.007875   0.009976   0.012325   0.014925   0.017767   0.020822   0.024046   0.027376   0.030735   0.034033   0.037172   0.040051   0.042570   0.044638   0.046175   0.047123   0.047443   0.047123   0.046175   0.044638   0.042570   0.040051   0.037172   0.034033   0.030735   0.027376   0.024046   0.020822   0.017767   0.014925   0.012325   0.009976   0.007875   0.006001   0.004323   0.002801   0.001388 
  0.001400   0.002825   0.004357   0.006044   0.007926   0.010033   0.012384   0.014984   0.017823   0.020871   0.024085   0.027402   0.030746   0.034027   0.037148   0.040010   0.042513   0.044566   0.046093   0.047034   0.047352   0.047034   0.046093   0.044566   0.042513   0.040010   0.037148   0.034027   0.030746   0.027402   0.024085   0.020871   0.017823   0.014984   0.012384   0.010033   0.007926   0.006044   0.004357   0.002825   0.001400 
  0.001412   0.002848   0.004391   0.006087   0.007976   0.010088   0.012442   0.015042   0.017877   0.020919   0.024123   0.027428   0.030756   0.034021   0.037125   0.039969   0.042456   0.044495   0.046012   0.046946   0.047261   0.046946   0.046012   0.044495   0.042456   0.039969   0.037125   0.034021   0.030756   0.027428   0.024123   0.020919   0.017877   0.015042   0.012442   0.010088   0.007976   0.006087   0.004391   0.002848   0.001412 
  0.001424   0.002871   0.004424   0.006129   0.008026   0.010144   0.012500   0.015100   0.017931   0.020967   0.024161   0.027453   0.030766   0.034014   0.037101   0.039928   0.042399   0.044425   0.045931   0.046859   0.047172   0.046859   0.045931   0.044425   0.042399   0.039928   0.037101   0.034014   0.030766   0.027453   0.024161   0.020967   0.017931   0.015100   0.012500   0.010144   0.008026   0.006129   0.004424   0.002871   0.001424 
  0.001436   0.002894   0.004458   0.006172   0.008076   0.010198   0.012558   0.015157   0.017985   0.021014   0.024198   0.027477   0.030776   0.034008   0.037077   0.039887   0.042342   0.044355   0.045851   0.046772   0.047083   0.046772   0.045851   0.044355   0.042342   0.039887   0.037077   0.034008   0.030776   0.027477   0.024198   0.021014   0.017985   0.015157   0.012558   0.010198   0.008076   0.006172   0.004458   0.002894   0.001436 
  0.001448   0.002917   0.004491   0.006214   0.008125   0.010253   0.012614   0.015213   0.018038   0.021060   0.024235   0.027502   0.030786   0.034001   0.037053   0.039847   0.042287   0.044286   0.045771   0.046686   0.046995   0.046686   0.045771   0.044286   0.042287   0.039847   0.037053   0.034001   0.030786   0.027502   0.024235   0.021060   0.018038   0.015213   0.012614   0.010253   0.008125   0.006214   0.004491   0.002917   0.001448 
  0.001460   0.002940   0.004524   0.006256   0.008174   0.010307   0.012671   0.015269   0.018090   0.021106   0.024271   0.027525   0.030795   0.033994   0.037030   0.039807   0.042231   0.044217   0.045693   0.046601   0.046908   0.046601   0.045693   0.044217   0.042231   0.039807   0.037030   0.033994   0.030795   0.027525   0.024271   0.021106   0.018090   0.015269   0.012671   0.010307   0.008174   0.006256   0.004524   0.002940   0.001460 
  0.001471   0.002962   0.004556   0.006297   0.008222   0.010360   0.012726   0.015325   0.018142   0.021151   0.024307   0.027549   0.030804   0.033987   0.037006   0.039767   0.042176   0.044149   0.045615   0.046517   0.046822   0.046517   0.045615   0.044149   0.042176   0.039767   0.037006   0.033987   0.030804   0.027549   0.024307   0.021151   0.018142   0.015325   0.012726   0.010360   0.008222   0.006297   0.004556   0.002962   0.001471 
  0.001483   0.002985   0.004589   0.006338   0.008270   0.010413   0.012782   0.015379   0.018194   0.021196   0.024342   0.027572   0.030813   0.033980   0.036983   0.039727   0.042121   0.044082   0.045537   0.046434   0.046736   0.046434   0.045537   0.044082   0.042121   0.039727   0.036983   0.033980   0.030813   0.027572   0.024342   0.021196   0.018194   0.015379   0.012782   0.010413   0.008270   0.006338   0.004589   0.002985   0.001483 
  0.001494   0.003007   0.004621   0.006379   0.008318   0.010465   0.012836   0.015434   0.018244   0.021240   0.024377   0.027595   0.030821   0.033973   0.036959   0.039687   0.042067   0.044015   0.045461   0.046351   0.046651   0.046351   0.045461   0.044015   0.042067   0.039687   0.036959   0.033973   0.030821   0.027595   0.024377   0.021240   0.018244   0.015434   0.012836   0.010465   0.008318   0.006379   0.004621   0.003007   0.001494 
  0.001506   0.003029   0.004653   0.006419   0.008365   0.010517   0.012891   0.015487   0.018294   0.021284   0.024411   0.027617   0.030829   0.033965   0.036935   0.039648   0.042013   0.043948   0.045385   0.046269   0.046567   0.046269   0.045385   0.043948   0.042013   0.039648   0.036935   0.033965   0.030829   0.027617   0.024411   0.021284   0.018294   0.015487   0.012891   0.010517   0.008365   0.006419   0.004653   0.003029   0.001506 
  0.001517   0.003051   0.004684   0.006460   0.008412   0.010569   0.012944   0.015540   0.018344   0.021327   0.024444   0.027639   0.030837   0.033958   0.036912   0.039609   0.041959   0.043882   0.045309   0.046188   0.046484   0.046188   0.045309   0.043882   0.041959   0.039609   0.036912   0.033958   0.030837   0.027639   0.024444   0.021327   0.018344   0.015540   0.012944   0.010569   0.008412   0.006460   0.004684   0.003051   0.001517 
  0.001528   0.003073   0.004716   0.006500   0.008459   0.010620   0.012998   0.015593   0.018393   0.021369   0.024478   0.027660   0.030845   0.033950   0.036889   0.039570   0.041906   0.043817   0.045235   0.046107   0.046401   0.046107   0.045235   0.043817   0.041906   0.039570   0.036889   0.033950   0.030845   0.027660   0.024478   0.021369   0.018393   0.015593   0.012998   0.010620   0.008459   0.006500   0.004716   0.003073   0.001528 
  0.001539   0.003094   0.004747   0.006539   0.008505   0.010671   0.013050   0.015645   0.018441   0.021411   0.024510   0.027681   0.030852   0.033942   0.036865   0.039531   0.041853   0.043752   0.045161   0.046027   0.046320   0.046027   0.045161   0.043752   0.041853   0.039531   0.036865   0.033942   0.030852   0.027681   0.024510   0.021411   0.018441   0.015645   0.013050   0.010671   0.008505   0.006539   0.004747   0.003094   0.001539 
  0.001550   0.003116   0.004778   0.006578   0.008551   0.010721   0.013102   0.015696   0.018489   0.021453   0.024543   0.027702   0.030859   0.033934   0.036842   0.039492   0.041801   0.043688   0.045087   0.045948   0.046239   0.045948   0.045087   0.043688   0.041801   0.039492   0.036842   0.033934   0.030859   0.027702   0.024543   0.021453   0.018489   0.015696   0.013102   0.010721   0.008551   0.006578   0.004778   0.003116   0.001550 
  0.001561   0.003137   0.004809   0.006617   0.008596   0.010771   0.013154   0.015747   0.018537   0.021494   0.024575   0.027722   0.030866   0.033926   0.036818   0.039454   0.041749   0.043624   0.045014   0.045869   0.046158   0.045869   0.045014   0.043624   0.041749   0.039454   0.036818   0.033926   0.030866   0.027722   0.024575   0.021494   0.018537   0.015747   0.013154   0.010771   0.008596   0.006617   0.004809   0.003137   0.001561 
  0.001572   0.003158   0.004840   0.006656   0.008641   0.010820   0.013205   0.015798   0.018584   0.021534   0.024606   0.027742   0.030872   0.033918   0.036795   0.039416   0.041697   0.043561   0.044942   0.045792   0.046078   0.045792   0.044942   0.043561   0.041697   0.039416   0.036795   0.033918   0.030872   0.027742   0.024606   0.021534   0.018584   0.015798   0.013205   0.010820   0.008641   0.006656   0.004840   0.003158   0.001572 
  0.001583   0.003179   0.004870   0.006694   0.008686   0.010869   0.013256   0.015848   0.018630   0.021574   0.024637   0.027761   0.030878   0.033910   0.036772   0.039378   0.041645   0.043498   0.044870   0.045715   0.045999   0.045715   0.044870   0.043498   0.041645   0.039378   0.036772   0.033910   0.030878   0.027761   0.024637   0.021574   0.018630   0.015848   0.013256   0.010869   0.008686   0.006694   0.004870   0.003179   0.001583 
  0.001594   0.003200   0.004900   0.006732   0.008730   0.010917   0.013306   0.015897   0.018676   0.021614   0.024667   0.027781   0.030885   0.033902   0.036749   0.039340   0.041594   0.043435   0.044799   0.045638   0.045921   0.045638   0.044799   0.043435   0.041594   0.039340   0.036749   0.033902   0.030885   0.027781   0.024667   0.021614   0.018676   0.015897   0.013306   0.010917   0.008730   0.006732   0.004900   0.003200   0.001594 
  0.001605   0.003221   0.004930   0.006770   0.008774   0.010965   0.013356   0.015946   0.018721   0.021653   0.024697   0.027799   0.030890   0.033893   0.036726   0.039303   0.041544   0.043373   0.044729   0.045562   0.045843   0.045562   0.044729   0.043373   0.041544   0.039303   0.036726   0.033893   0.030890   0.027799   0.024697   0.021653   0.018721   0.015946   0.013356   0.010965   0.008774   0.006770   0.004930   0.003221   0.001605 
  0.001615   0.003242   0.004959   0.006807   0.008818   0.011013   0.013405   0.015995   0.018766   0.021691   0.024727   0.027818   0.030896   0.033885   0.036703   0.039266   0.041493   0.043312   0.044659   0.045487   0.045766   0.045487   0.044659   0.043312   0.041493   0.039266   0.036703   0.033885   0.030896   0.027818   0.024727   0.021691   0.018766   0.015995   0.013405   0.011013   0.008818   0.006807   0.004959   0.003242   0.001615 
  0.001626   0.003262   0.004989   0.006845   0.008861   0.011060   0.013454   0.016042   0.018810   0.021729   0.024756   0.027836   0.030901   0.033876   0.036680   0.039229   0.041443   0.043251   0.044590   0.045412   0.045690   0.045412   0.044590   0.043251   0.041443   0.039229   0.036680   0.033876   0.030901   0.027836   0.024756   0.021729   0.018810   0.016042   0.013454   0.011060   0.008861   0.006845   0.004989   0.003262   0.001626 
  0.001636   0.003282   0.005018   0.006881   0.008903   0.011107   0.013503   0.016090   0.018854   0.021767   0.024785   0.027854   0.030906   0.033867   0.036657   0.039192   0.041394   0.043190   0.044521   0.045338   0.045614   0.045338   0.044521   0.043190   0.041394   0.039192   0.036657   0.033867   0.030906   0.027854   0.024785   0.021767   0.018854   0.016090   0.013503   0.011107   0.008903   0.006881   0.005018   0.003282   0.001636 
  0.001647   0.003302   0.005047   0.006918   0.008946   0.011153   0.013550   0.016137   0.018897   0.021804   0.024813   0.027871   0.030911   0.033859   0.036634   0.039155   0.041344   0.043130   0.044453   0.045265   0.045539   0.045265   0.044453   0.043130   0.041344   0.039155   0.036634   0.033859   0.030911   0.027871   0.024813   0.021804   0.018897   0.016137   0.013550   0.011153   0.008946   0.006918   0.005047   0.003302   0.001647 
  0.001657   0.003322   0.005076   0.006954   0.008988   0.011199   0.013598   0.016183   0.018940   0.021840   0.024841   0.027889   0.030916   0.033850   0.036611   0.039119   0.041296   0.043071   0.044385   0.045192   0.045465   0.045192   0.044385   0.043071   0.041296   0.039119   0.036611   0.033850   0.030916   0.027889   0.024841   0.021840   0.018940   0.016183   0.013598   0.011199   0.008988   0.006954   0.005076   0.003322   0.001657 
  0.001667   0.003342   0.005104   0.006990   0.009030   0.011244   0.013645   0.016229   0.018983   0.021877   0.024869   0.027905   0.030920   0.033841   0.036588   0.039082   0.041247   0.043012   0.044318   0.045120   0.045391   0.045120   0.044318   0.043012   0.041247   0.039082   0.036588   0.033841   0.030920   0.027905   0.024869   0.021877   0.018983   0.016229   0.013645   0.011244   0.009030   0.006990   0.005104   0.003342   0.001667 
  0.001677   0.003362   0.005132   0.007026   0.009071   0.011289   0.013691   0.016275   0.019024   0.021912   0.024896   0.027922   0.030925   0.033832   0.036565   0.039046   0.041199   0.042953   0.044251   0.045049   0.045318   0.045049   0.044251   0.042953   0.041199   0.039046   0.036565   0.033832   0.030925   0.027922   0.024896   0.021912   0.019024   0.016275   0.013691   0.011289   0.009071   0.007026   0.005132   0.003362   0.001677 
  0.001687   0.003381   0.005160   0.007061   0.009112   0.011334   0.013737   0.016320   0.019066   0.021948   0.024923   0.027938   0.030929   0.033823   0.036543   0.039010   0.041151   0.042895   0.044185   0.044978   0.045245   0.044978   0.044185   0.042895   0.041151   0.039010   0.036543   0.033823   0.030929   0.027938   0.024923   0.021948   0.019066   0.016320   0.013737   0.011334   0.009112   0.007061   0.005160   0.003381   0.001687 
  0.001697   0.003400   0.005188   0.007096   0.009152   0.011378   0.013783   0.016364   0.019107   0.021982   0.024949   0.027954   0.030933   0.033813   0.036520   0.038975   0.041103   0.042837   0.044120   0.044908   0.045173   0.044908   0.044120   0.042837   0.041103   0.038975   0.036520   0.033813   0.030933   0.027954   0.024949   0.021982   0.019107   0.016364   0.013783   0.011378   0.009152   0.007096   0.005188   0.003400   0.001697 
  0.001707   0.003419   0.005216   0.007131   0.009193   0.011422   0.013828   0.016408   0.019147   0.022017   0.024975   0.027970   0.030936   0.033804   0.036497   0.038939   0.041056   0.042780   0.044055   0.044838   0.045102   0.044838   0.044055   0.042780   0.041056   0.038939   0.036497   0.033804   0.030936   0.027970   0.024975   0.022017   0.019147   0.016408   0.013828   0.011422   0.009193   0.007131   0.005216   0.003419   0.001707 
  0.001717   0.003438   0.005243   0.007165   0.009233   0.011465   0.013873   0.016452   0.019187   0.022051   0.025001   0.027985   0.030940   0.033795   0.036475   0.038904   0.041009   0.042723   0.043990   0.044769   0.045031   0.044769   0.043990   0.042723   0.041009   0.038904   0.036475   0.033795   0.030940   0.027985   0.025001   0.022051   0.019187   0.016452   0.013873   0.011465   0.009233   0.007165   0.005243   0.003438   0.001717 
